4294967279,228
4294967279,221
4294967279,105
4294967279,104
4294967279,103
4294967279,102
4294967279,227
4294967279,225
4294967279,222
4294967279,223
4294967278,221
4294967278,219
39,5
4294967279,109
4294967279,108
4294967279,107
4294967279,106
39,4
4294967294,166
4294967278,343
4294967278,342
4294967278,209
39,7
4294967278,208
4294967278,207
39,3
39,2
39,1
4294967278,206
4294967278,340
4294967278,339
4294967279,110
4294967279,117
4294967279,116
4294967279,115
4294967279,114
4294967279,113
4294967279,112
4294967279,111
4294967278,197
4294967278,335
4294967279,443
4294967278,379
12,3
20,3
14,3
4294967279,442
4294967278,378
4294967278,185
37,6
37,5
37,4
37,3
37,2
37,1
4294967278,331
4294967279,124
4294967279,123
4294967279,122
4294967279,121
4294967279,120
4294967279,119
4294967279,118
4294967278,330
4294967278,12
4294967278,11
4294967278,10
4294967278,9
4294967278,8
4294967278,7
4294967278,6
4294967278,5
4294967278,4
4294967279,132
4294967279,131
4294967279,130
4294967279,129
4294967279,128
4294967279,127
4294967279,126
4294967279,125
4294967278,377
4294967279,441
4294967279,182
4294967279,440
4294967278,302
4294967278,260
4294967278,178
4294967278,177
4294967279,178
4294967278,176
4294967278,328
4294967279,177
4294967279,386
4294967278,175
4294967279,176
4294967278,326
4294967279,384
4294967279,173
4294967278,171
4294967278,168
4294967279,172
36,6
4294967278,170
36,5
4294967279,171
36,4
4294967278,169
36,3
36,2
36,1
4294967278,291
4294967279,170
4294967279,169
4294967294,474
4294967278,165
4294967278,322
4294967278,323
4294967279,439
4294967279,317
4294967278,23
4294967278,22
4294967278,21
4294967278,20
4294967278,19
4294967278,18
4294967278,17
4294967278,16
4294967278,15
4294967278,14
4294967278,13
4294967279,314
4294967278,319
4294967279,162
4294967278,376
4294967278,318
4294967279,313
4294967294,89
4294967278,158
4294967278,157
4294967279,158
4294967294,388
4294967294,387
4294967278,156
4294967279,156
4294967279,312
4294967278,155
4294967279,155
4294967279,311
4294967279,153
4294967278,152
4294967278,149
4294967279,152
35,6
4294967278,151
35,5
4294967279,151
35,4
4294967278,150
35,3
35,2
35,1
4294967279,150
4294967278,314
4294967279,308
4294967278,288
24,6
24,4
20,6
4294967278,31
4294967278,30
4294967278,29
4294967278,28
4294967278,27
4294967278,26
4294967278,137
4294967278,25
4294967278,24
4294967278,32
4294967279,144
4294967278,143
4294967279,143
4294967279,142
4294967278,141
4294967279,141
34,5
4294967278,140
34,4
4294967279,140
34,3
34,2
34,1
4294967279,292
4294967279,139
4294967279,278
4294967279,137
4294967279,138
4294967278,39
4294967278,38
4294967278,37
4294967278,36
4294967278,35
4294967278,34
4294967278,33
4294967279,277
14,4
4294967279,276
13,4
4294967279,134
17,4
4294967279,303
3,4
15,4
4294967279,438
4,4
16,4
4294967279,437
4294967278,46
4294967278,45
4294967278,44
4294967278,43
4294967278,42
4294967278,41
4294967278,40
4294967279,436
4294967278,375
4294967279,271
4294967279,287
4294967279,270
4294967279,269
4294967279,268
4294967279,264
4294967279,302
4294967279,284
4294967278,374
4294967278,373
4294967278,372
4294967279,281
4294967279,435
4294967278,53
4294967278,52
4294967278,51
4294967278,50
4294967278,49
4294967278,48
4294967278,47
4294967279,67
4294967279,66
4294967279,65
4294967279,64
4294967279,62
4294967279,61
4294967279,59
4294967279,58
4294967279,56
4294967279,54
4294967279,53
4294967279,51
4294967279,50
4294967279,48
4294967279,47
4294967278,301
18,4
19,4
20,4
4294967278,371
4294967279,434
4294967278,256
4294967278,298
4294967279,433
4294967278,297
4294967278,296
4294967279,432
4294967278,347
4294967278,294
4294967278,345
4294967278,251
4294967279,431
4294967278,247
4294967278,244
4294967278,242
4294967278,238
31,4
4294967278,240
31,3
31,2
31,1
4294967278,239
4294967279,430
4294967279,429
26,0
4294967278,344
4294967278,235
4294967278,232
4294967294,393
4294967294,46
4294967294,389
4294967294,390
4294967294,115
4294967294,120
4294967294,114
4294967294,38
4294967294,37
4294967278,233
24,1
4294967278,231
4294967279,45
4294967279,43
4294967279,41
4294967279,40
4294967279,39
4294967279,38
4294967279,36
4294967279,33
4294967279,29
4294967279,27
4294967279,26
4294967279,25
4294967279,24
4294967279,23
4294967279,22
4294967279,21
4294967278,229
4294967278,227
4294967278,224
4294967278,222
4294967278,220
4294967278,218
4294967278,217
4294967278,215
4294967294,1425
4294967294,1
4294967294,1424
4294967294,2
